20240131_xzy_test_yt_10.mp4: [(383, 167), (934, 161), (1173, 579), (162, 593)]
video_input8.mp4: [(644, 152), (1296, 157), (1678, 887), (235, 879)]
video_input2.mp4: [(502, 241), (1446, 257), (1745, 920), (250, 883)]
video_input3.mp4: [(530, 247), (1404, 247), (1791, 870), (223, 855)]
video_input4.mp4: [(446, 256), (1420, 261), (1777, 881), (220, 893)]
video_input5.mp4: [(626, 213), (1304, 224), (1725, 824), (273, 814)]
video_input6.mp4: [(617, 258), (1349, 264), (1693, 964), (366, 883)]
tennis_slice1.mp4: [(675, 430), (1242, 432), (1350, 694), (569, 692)]
tennis_slice2.mp4: [(676, 417), (1237, 416), (1336, 678), (575, 681)]
tennis_slice3.mp4: [(679, 383), (1237, 386), (1337, 656), (577, 656)]
tennis_slice4.mp4: [(700, 350), (1211, 352), (1341, 581), (562, 584)]
tennis_slice1.mp4: [(676, 431), (1241, 431), (1347, 692), (571, 698)]
tennis_slice2.mp4: [(678, 423), (1235, 417), (1340, 679), (574, 683)]
tennis_slice3.mp4: [(679, 389), (1236, 386), (1337, 661), (570, 656)]
tennis_slice4.mp4: [(697, 351), (1207, 352), (1340, 588), (563, 584)]
tennis_slice1.mp4: [(675, 431), (1244, 428), (1346, 696), (570, 699)]
tennis_slice2.mp4: [(677, 417), (1231, 417), (1335, 679), (576, 683)]
tennis_slice3.mp4: [(676, 384), (1237, 387), (1335, 660), (576, 658)]
tennis_slice4.mp4: [(699, 346), (1201, 347), (1337, 588), (565, 586)]
tennis_slice1.mp4: [(677, 430), (1244, 426), (1350, 695), (570, 697)]
tennis_slice2.mp4: [(675, 415), (1232, 413), (1340, 679), (576, 683)]
tennis_slice3.mp4: [(676, 384), (1240, 388), (1336, 662), (574, 656)]
tennis_slice4.mp4: [(702, 347), (1207, 351), (1340, 587), (560, 583)]
tennis_slice1.mp4: [(788, 474), (944, 474), (960, 584), (751, 598)]
tennis_slice2.mp4: [(883, 413), (1075, 436), (922, 492), (997, 506)]
tennis_slice3.mp4: [(958, 465), (1055, 506), (947, 552), (888, 554)]
tennis_slice4.mp4: [(871, 463), (1018, 463), (914, 534), (845, 550)]
tennis_slice1.mp4: [(676, 431), (1239, 426), (1348, 692), (576, 700)]
tennis_slice2.mp4: [(679, 416), (1231, 411), (1342, 677), (575, 682)]
tennis_slice3.mp4: [(679, 385), (1236, 387), (1336, 659), (574, 656)]
tennis_slice4.mp4: [(701, 349), (1203, 352), (1341, 590), (563, 578)]
tennis_slice1.mp4: [(674, 432), (1242, 427), (1350, 697), (571, 695)]
tennis_slice2.mp4: [(677, 416), (1234, 415), (1335, 679), (575, 681)]
tennis_slice3.mp4: [(676, 387), (1236, 386), (1340, 659), (572, 651)]
tennis_slice4.mp4: [(697, 350), (1205, 350), (1342, 585), (561, 584)]
tennis_slice1.mp4: [(677, 432), (1237, 428), (1350, 694), (571, 697)]
tennis_slice2.mp4: [(674, 416), (1234, 420), (1336, 676), (578, 678)]
tennis_slice3.mp4: [(679, 380), (1237, 385), (1335, 657), (575, 654)]
tennis_slice4.mp4: [(696, 348), (1208, 349), (1338, 582), (565, 587)]
tennis_slice1.mp4: [(676, 431), (1243, 429), (1354, 696), (573, 699)]
tennis_slice2.mp4: [(680, 416), (1230, 411), (1338, 673), (578, 679)]
tennis_slice3.mp4: [(680, 380), (1235, 381), (1338, 661), (574, 652)]
tennis_slice4.mp4: [(696, 351), (1207, 350), (1340, 580), (566, 582)]
tennis_slice1.mp4: [(675, 429), (1240, 428), (1354, 694), (577, 699)]
tennis_slice2.mp4: [(678, 418), (1238, 420), (1336, 674), (575, 679)]
tennis_slice3.mp4: [(680, 382), (1236, 384), (1337, 659), (573, 652)]
tennis_slice4.mp4: [(697, 349), (1209, 350), (1341, 581), (568, 583)]
tennis_slice1.mp4: [(557, 304), (1344, 298), (1757, 950), (222, 934)]
tennis_slice2.mp4: [(572, 290), (1354, 283), (1735, 930), (240, 910)]
tennis_slice3.mp4: [(548, 247), (1381, 246), (1712, 918), (225, 894)]
tennis_slice4.mp4: [(613, 243), (1283, 262), (1795, 870), (170, 853)]
tennis_slice1.mp4: [(586, 327), (1311, 327), (1657, 927), (208, 916)]
tennis_slice2.mp4: [(574, 286), (1325, 292), (1694, 935), (237, 908)]
tennis_slice3.mp4: [(577, 284), (1299, 304), (1651, 927), (318, 872)]
tennis_slice4.mp4: [(599, 276), (1327, 261), (1849, 902), (123, 868)]
tennis_slice1.mp4: [(894, 475), (1076, 475), (1077, 610), (1003, 664)]
tennis_slice2.mp4: [(858, 612), (858, 517), (1074, 541), (1074, 623)]
tennis_slice3.mp4: [(908, 674), (749, 455), (910, 455), (1016, 483)]
tennis_slice4.mp4: [(864, 426), (960, 520), (895, 622), (603, 580)]
tennis_slice1.mp4: [(557, 297), (1346, 304), (1718, 906), (270, 915)]
tennis_slice2.mp4: [(582, 307), (1348, 298), (1703, 932), (299, 929)]
tennis_slice3.mp4: [(589, 254), (1354, 255), (1704, 912), (243, 898)]
tennis_slice4.mp4: [(613, 249), (1302, 259), (1792, 847), (140, 857)]
tennis_slice1.mp4: [(579, 303), (1352, 314), (1715, 938), (263, 918)]
tennis_slice2.mp4: [(580, 301), (1338, 310), (1643, 863), (1643, 863)]
tennis_slice3.mp4: [(595, 231), (1554, 276), (1644, 881), (926, 725)]
tennis_slice4.mp4: [(756, 370), (946, 370), (946, 463), (709, 471)]
20240131_xzy_test_yt_10.mp4: [(445, 251), (857, 249), (938, 430), (373, 428)]
video_input8.mp4: [(712, 282), (1199, 279), (1321, 589), (601, 593)]
video_input2.mp4: [(651, 391), (1263, 387), (1353, 671), (569, 677)]
video_input3.mp4: [(679, 342), (1240, 341), (1364, 611), (557, 611)]
video_input4.mp4: [(609, 393), (1301, 392), (1388, 659), (520, 652)]
video_input5.mp4: [(707, 329), (1197, 332), (1314, 578), (593, 571)]
video_input6.mp4: [(713, 396), (1206, 395), (1289, 668), (629, 668)]
20240131_xzy_test_yt_10.mp4: [(444, 251), (855, 252), (935, 429), (372, 429)]
video_input8.mp4: [(710, 284), (1201, 282), (1319, 588), (598, 594)]
video_input2.mp4: [(650, 393), (1264, 392), (1353, 675), (570, 672)]
video_input3.mp4: [(682, 341), (1237, 340), (1367, 612), (562, 606)]
video_input4.mp4: [(608, 393), (1301, 391), (1391, 656), (515, 658)]
video_input5.mp4: [(710, 330), (1198, 331), (1317, 578), (593, 572)]
video_input6.mp4: [(716, 394), (1201, 393), (1288, 663), (633, 662)]
20240131_xzy_test_yt_10.mp4: [(446, 253), (865, 244), (938, 432), (374, 431)]
video_input8.mp4: [(713, 278), (1202, 273), (1322, 587), (603, 589)]
video_input2.mp4: [(654, 392), (1264, 391), (1350, 672), (572, 678)]
video_input3.mp4: [(686, 335), (1241, 339), (1360, 614), (560, 610)]
video_input4.mp4: [(608, 394), (1303, 391), (1392, 649), (527, 663)]
video_input5.mp4: [(721, 331), (1205, 333), (1310, 575), (594, 574)]
video_input6.mp4: [(719, 400), (1204, 395), (1288, 664), (629, 660)]
